t 0 6
v 0 17
v 1 1
v 2 14
v 3 5
v 4 13
v 5 5
e 0 5 0
e 3 5 0
e 3 4 0
e 2 4 0
e 2 5 0
e 2 3 0
e 1 2 0
e 1 4 0
e 1 5 0
e 1 3 0
e 0 4 0
e 0 3 0
e 0 1 0
e 0 2 0
t 1 6
v 6 17
v 7 2
v 8 15
v 9 5
v 10 13
v 11 5
e 6 11 0
e 9 11 0
e 9 10 0
e 8 9 0
e 8 10 0
e 6 8 0
e 6 9 0
e 6 10 0
e 6 7 0
e 7 8 0
e 7 11 0
e 7 10 0
e 7 9 0
e 10 11 0
t 2 6
v 12 17
v 13 2
v 14 9
v 15 5
v 16 13
v 17 5
e 12 17 0
e 15 17 0
e 15 16 0
e 14 15 0
e 14 17 0
e 14 16 0
e 13 17 0
e 13 15 0
e 13 16 0
e 12 15 0
e 12 14 0
e 12 13 0
e 12 16 0
e 16 17 0
t 3 6
v 18 17
v 19 13
v 20 8
v 21 5
v 22 13
v 23 5
e 18 23 0
e 21 23 0
e 21 22 0
e 20 23 0
e 20 22 0
e 20 21 0
e 18 20 0
e 18 21 0
e 18 19 0
e 18 22 0
e 19 23 0
e 19 22 0
e 19 20 0
e 22 23 0
t 4 6
v 24 17
v 25 11
v 26 17
v 27 5
v 28 13
v 29 5
e 24 29 0
e 27 29 0
e 27 28 0
e 25 27 0
e 25 28 0
e 25 26 0
e 26 27 0
e 26 28 0
e 26 29 0
e 28 29 0
e 24 25 0
e 24 28 0
e 24 26 0
e 24 27 0
t 5 6
v 30 17
v 31 9
v 32 13
v 33 5
v 34 13
v 35 5
e 30 35 0
e 33 35 0
e 33 34 0
e 32 35 0
e 32 34 0
e 31 34 0
e 31 35 0
e 31 32 0
e 31 33 0
e 34 35 0
e 30 34 0
e 30 33 0
e 30 31 0
e 30 32 0
t 6 6
v 36 17
v 37 16
v 38 2
v 39 5
v 40 13
v 41 5
e 36 41 0
e 39 41 0
e 39 40 0
e 37 40 0
e 37 39 0
e 37 41 0
e 37 38 0
e 36 37 0
e 36 38 0
e 36 39 0
e 36 40 0
e 38 40 0
e 38 39 0
e 38 41 0
t 7 6
v 42 17
v 43 12
v 44 12
v 45 5
v 46 13
v 47 5
e 42 47 0
e 45 47 0
e 45 46 0
e 43 45 0
e 43 44 0
e 43 46 0
e 44 46 0
e 44 47 0
e 44 45 0
e 46 47 0
e 42 46 0
e 42 45 0
e 42 44 0
e 42 43 0
t 8 6
v 48 17
v 49 9
v 50 3
v 51 5
v 52 13
v 53 5
e 48 53 0
e 51 53 0
e 51 52 0
e 49 53 0
e 49 51 0
e 49 50 0
e 49 52 0
e 50 51 0
e 50 53 0
e 50 52 0
e 52 53 0
e 48 51 0
e 48 52 0
e 48 49 0
t 9 6
v 54 17
v 55 2
v 56 13
v 57 5
v 58 13
v 59 5
e 54 59 0
e 57 59 0
e 57 58 0
e 55 56 0
e 55 58 0
e 55 57 0
e 56 59 0
e 56 57 0
e 56 58 0
e 54 57 0
e 54 58 0
e 54 55 0
e 54 56 0
e 58 59 0
