e 257263 282429 0
e 33 328478 0
e 60460 267609 0
e 57526 123267 0
e 156368 156371 0
e 137624 259843 0
e 55302 168993 0
e 317898 329845 0
e 235430 270764 0
e 17316 172801 0
e 46931 46933 0
e 138288 176398 0
e 8132 30780 0
e 63588 314988 0
e 218226 208398 0
e 254576 292422 0
e 159409 159410 0
e 14471 371183 0
e 217485 304255 0
e 25003 41837 0
e 211243 300635 0
e 385644 395468 0
e 50682 146373 0
e 21020 206628 0
e 183760 204547 0
e 7609 196906 0
e 54941 118880 0
e 64034 98587 0
e 343548 343549 0
e 43555 140872 0
e 31491 66342 0
e 63041 101573 0
e 201230 201231 0
e 22838 168398 0
e 397809 399164 0
e 1534 360469 0
e 3458 379106 0
e 354272 395609 0
e 29714 59914 0
e 193451 350067 0
e 52889 139803 0
e 157158 317738 0
e 198554 198557 0
e 11402 115904 0
e 72964 27352 0
e 281135 341282 0
e 45508 79898 0
e 63780 132812 0
e 27731 153909 0
e 155400 226869 0
e 16402 5966 0
e 400 50557 0
e 26073 343508 0
e 6354 341733 0
e 313482 366009 0
e 165737 165738 0
e 9184 9185 0
e 31033 31034 0
e 46808 169830 0
e 43772 43776 0
e 1782 2105 0
e 89848 186406 0
e 45254 44973 0
e 11464 30615 0
e 161839 258823 0
e 111766 350839 0
e 4116 63801 0
e 8642 403306 0
e 61361 61365 0
e 188784 329369 0
e 305760 351428 0
e 354089 373051 0
e 395248 395259 0
e 214321 214322 0
e 2368 3885 0
e 384124 385825 0
e 122456 158451 0
e 313224 350042 0
e 200582 320640 0
e 42842 25075 0
e 101980 136463 0
e 113669 292570 0
e 173217 284094 0
e 150368 297749 0
e 12965 190812 0
e 138156 193328 0
e 27522 57125 0
e 111896 93694 0
e 79259 144475 0
e 30937 30939 0
e 12747 68362 0
e 303067 371359 0
e 317386 346250 0
e 33004 54859 0
e 76992 188741 0
e 85852 65474 0
e 188316 325818 0
e 13856 9864 0
e 339718 311559 0
e 37153 181819 0